1111111111111111111111111111111111111111111
1111011111111111111111111111111111110111111
1111111011111111111111111111011011111111111
1111110111111011111111110111111111111111101
1011111111111111111111110110111111111101111
1111111111111111111111111111011111111111111
1111110111111101111111111111111111111011111
1011111111111111111111111111111111111111111
1111111111111111111111110111111111111111111
1011111111111111111111111110111111111111111
1111111111111111111111111111011011111111111
1111111111111101111111011111111111111111111
1111111111111111110111111111101111111111111
1111111111111111111111111101111111111111111
1111111111101111111111111111111111111111111
1111111011111111111110111111111101111111111
1111111111110111111011111111111101111111110
1111111111111111111111111111111001111011111
1101111111111110111111111111110111111011111
1111111111101111111111101101111111111111110
1111101111111111111111111111011111111111110
1111111111011111111111111111111111111111111
1011111111111111111111101111110011111111111
1111111111111111111011111111111111111111111
1111111111111111111111111111111101111111101
0111111111110111111111111111111111111111111
1111111111111111111111111011111101111111111
1111111111111111111111011111101111110111111
1111111111111111111111111111111111101101110
1111111111111111111111111111111110101111111
1110111111111111111111111110111111111111111
1111111111110111111111101111111111100111111
1111111111111111111111111101111011111111111
1111111111111111111111111111111111011111111
1011111111111111111111111111101111111101111
1111111111101111111111111111111111111111011
1111101111111111111111111111111111101111111
1101001111111111111111111111111111111111111
1111111111111111101111111111111111111111111
1111111011111111101111111111111111111111111
1111111111111111110111011111111111111111111
1111111111111111011111111111111110111111111
1111111111111111101111111111111111111111110
1111111111111111111101111111101011111111111
1011111011111111111011110111111111111111111
1111111111110111011111111101111111111111111
1111111111111111011111111111111111111111111
1111111111111111111111111110111111111101111
1111111111111101111111111111111111111111111
1111111111111111111111111011111111111111111
1101111111011111111111111111111111111111111
1111111111111101111111111110111101011111111
1011111111111101111111111111111110111111101
1111111111111111111101111111111111110111010
1110111101111011111011111111111111111111111
1111011111111111111111111111111111111111111
1111111111011111111011111101111111111111111
0111111101111111111111111111111111101111111
1111111111111111111111111111111111111011111
1111111111111111111111111111101111110111111
1111111111111111111111111111111101111110111
1111110111111111111111011111111111111111111
1111111111111111111111111110111111110111111
1111110111111111111111111111111011111111111
1011111111111111110111111111111001111111111
1111111111111111110111111011111111111110111
1111111111111111111101111111111111110111111
1111111111111111111110111110111111111111111
1111110111111111101111111111111111111111111
1111111111111111111111011111111011001111111
1101011111111111111111111111111111111111111
1111111101111111111111111111111111111111111
1111111111011111111111111111111111011111111
1111111111111111101110111111111111111111111
1111111111111111111111101111111111111111111
1111111111111111110111111111111111111111111
1111111111111111111111111111111011111101111
1111111111111111111111111111111111101011111
1111111111111111111101111111111111111111111
1111111101111111111110111111111111111111111
1111111111111111111111111111111111111110111
1111011111111101111111111111111111100111111
1111111111111111110111111111111111010111111
1111111111111111111111111111101111111111111
1101110111111111110111111111111111111111111
1111101111111111111111111111111111111111111
1101111011110110111111111111111111111111111
1111111011111111111111111111011111111111111
1111110111011111111111111111111111111111111
1111111111111111110111110111111111001111111
1111110111111111111101111111110111111111111
1111111111111111111101111111111111111111101
1111111111111111111101111011011111111111111
1111111111111111111101111111111111111101111
1111111011111011011111111111111111111110111
1111111111101111011111011111111111111111110
1111111111110111111011111111111111111111111
1111101111111111111111101111111111111111111
1111111111111101111011110111111111111111111
1111111111111111111101111111111111111011111
1111110111111110111110111111111111111111111
1111111111111110111111111111111111111111111
1011111111111110111111111111111111111111111
1111111111111111101111111111111111101111111
1111111110111111111111111111110011111111111
1111111111111111111111111111111101111111111
1111011111111111111111111111111101111111110
1111111110101111111111111111111111111111111
1111111111111111111001111111111111111111111
1111111100111011111111111111111111111111111
1111111111101111111011111111111111111111111
1110111111011111111111111111111111011111110
1111011111111111011111111111111111111111111
1111111111111111011111111110111111001111111
0111111111111111111111111011101111011111111
1111111111011111011111111111111011111111111
1111111111111111111111111111111111111111101
1010111111111111111111011111111111110111111
1111111101111111111111111111111111111011111
1111111111111111001111111111111111111111111
1111111111101111111111111011111111110110111
0111111111101111111101111111111110111111111
1111111111111100111101111111111111111111011
1111111111111101111110111101110111111111111
1110111111111101111111111111111111111111101
1111111111011011111111111111111101111111111
1111111111111111111111111111111111101111111
1111111111011111111111111111101111111101111
1111111011111111111111111111111111111111111
1111111110101111011111111110111111111111111
1110111111111111111111111111111111110111111
1111111111111111111111010011111111111111011
1101111111111111111111111111111111011111111
1111111111111111111111110110111111111111111
1111111101011111111101111111011111111111111
1111111011111011111111111110111111111101111
1111111011111111100111111111111111111111110
1111111111111111111111110111111111101111111
1111111111110111111111111111111111111111111
1111111111111111111111111111111111111011011
1111111111111011011111111111111111111111111
1111111110111111110111111111111111111111111
1111111111111111101011111111111111111111111
1111111111011111111111111111011111011111111
1111111011111111111111111101111011111111111
1111111111111111111111110111111111110111111
1111110111111111110111111111111111111111111
1111011101111111111111111111111111111111101
1111111111111111111011111110111111110111111
0111111111111111111101111111111110111111111
1111111111111111111011011011111111011111111
1111111011111111111111111111111011110111111
0111111111111011111111110111111111101111111
1111111111111111111111111111111101111101011
1111111111111111111111111111101111111101111
1111111111011111111011111111011111111110111
1111111111111111111111101111111110111111111
1111111111111111111110111011111111111010111
1111111111111111111111111111111011111111111
1111111111111111111111111111111111111111001
1011111111111111111111111101111111111111011
1111111111111111111111111011111111111111011
1111011111101111111111111111111111111101111
1111111111111111111111011111111111111111111
1111111111111111111011111101111111011111111
1111111111111111011111111111101111111111111
1101111111011111111111111111101101111111111
1111110111111111111111111111111101111011111
1111111111111111111111011111111111111111110
1011111111111111111111111111111101111111111
1111111111111011111011111111111111111101111
1111111111111110111110111111111111111111111
1111111111111111111111111111111110111111111
1111111111111111111111111111101101101111111
1111111111111111101111111111111111101111101
1111111111111101111111111011111111111110111
1111111111101111011111111111110111111110111
1111111111111101011111111111111111111110111
1011111111111111111111111111111111111111110
1111111111111110101101111110111111111111111
1111011111111111111111111111111111111111011
1111111111111111111111111111011111111011111
1111111111111111011111111111111111111101111
1111111111011111111111111111111110111111111
1111111111111110111011101011111111111111111
1111111111111011111111111111111111111111111
1111010111111101111111111111111111111111111
1111110111101111111101111111111011111111111
1110111111111111111111111111111111111111111
1111111011111111101110111111111111111111110
1111110111111101111111111111111111111111111
1111111111111101111111110111011011111111111
1111111111111100111111111111111111111111111
1111111111111111111111111111101111101011111
1111111111111011011110111111011111111111111
1111101011111011111111111111111111111011111
0111111111111111111111111111111111111111111
1111111111111111111111111111110111111111111
1111111111111111110111110111111111111011111
1111111111011111111111111011111111111111111
0011111111111111111111111111111111111111111
1110111110111111111111111111111111011111110
1111101101111111011111111111101111111111111
0101111111111111111111111111111111011111111
1101111111111111101111111111111111111111111
1111111111111111111111111110111111111111111
1111111111110111101111111111111111111111111
1111111111111111101110110111111111111111011
1111111111111110111111111111111111111111001
1110111111111111111111111111111111111011111
1111111111111111111111011110111111111111111
1111111111110111111111111110111111111111111
1111110110111111111111111111111111111111111
1100101111111111111111111111111111111111011
1111110111111111111101101111111101111111111
1111111111111111111111111011011111111111111
1111101111111111011101111111111111111111111
1111111101111111011111110111111111111111111
1111111111111111111111111111111101101111111
1111110101111111111111111111110111111011111
1111111111110111111111101111111111111111111
1111110111111111111101111101111110111111111
1111011101111111111111111111111111110111111
1111111111111111111001111101111111111111111
1111111111111111101101111111111110111111111
1111111110111111111111111111111111111111111
1111111111111111111111111111111111110111111
1111111111111111111111101111100111111111111
1110101101111111111111111111111111111011111
1111111111111110011111111111111111111111111
1111111111111111111010111111101111111101111
1011111110111111111111111111111111111111111
1111111101111101111111111111111111110111111
1110110111111111111111111111111111011110111
1111110111111011011111111111111111111111111
1111111111111111111111111111111111111111011
1111111111101111111111111111111111111111101
1011111111111111111111101111111011111011111
1111111111110101111111111111111111111101111
1111111111111110111111101110011111111111111
1111011111111111111111111111110111111111111
0111111111110111111111111101111111111111111
1111011111111111111111111011111001111111111
0101111111111111111111011111101111111111111
1111111111111111111011111111111111111111101
1111111111111111111111111111111111010111101
1111111111111111111111111101111110011111111
1111111111111111111011111111111111111001011
1111111101111111111011111111011101111111111
1111111111011111111111111111111111101111111
0111111111111111111111111110111111111111011
1111111111111111110111111011111111111111111
1111111111111111111111101111101111111111111
1111111011111111111110110111101111111111111
1111111111111111111111011101111111111111111
1111111101111111111111101111111111111011111
1111111111111111011111111101111101111111111
1111111111111111101111111100111111111111111
1111001101111111111111111110111111111111111
1111111110111101111111111111111111111111111
1111110111111111111111111111111111111111111
1111110110111111111111111111110111111111111
0111101111101111111111111111111111111111101
1110111111111011111111111111111111101110111
1110110111111111111111011111111111111111101
1111111011111111001111111111111111111111110
1110111111111111111111111111110111111111111
1111101111111111111111111111111111111111101
1111111011111111110111111111011111111111110
1111111011111111111111111011110111111101111
1111111111010111111111111111111110111110111
1111111111111111110111111101111111011111111
1111111111111011111111111111111111011110011
0111110111111111111111111111111011111111111
1110111111111111101111111111111111011111111
1111110111111101111011111111111101111111111
1111111111111110101111111101111111111111111
1111111101111111011111111111111111111111111
1111111111111111111111111101111111101111111
1111111111111111101111111101111111111111111
1111111111111111101011111111110111111111111
1111111111111011111111101111111011111101111
1111111111101110111110111111111111111101111
1110111111111111111111111111111101111111111
1111111101111111111111111111111110111111101
1111111111111111111101111111111111111110111
1111111001111111111110111111110111111111111
1111111111111101011111111111111111111111111
1111111011111101111111111111111111111111111
1111111111111111111111111111111101110111111
0111111111111111111101111110111111111111111
1111101111111101111111111111111111111111111
1111111111111111101110111111111111111111011
1011111011111111111110011111111111111111111
1111111011111111011111111111111111111111111
1101111111111111111111111111111111110111111
1111000111111111111111111111111111111111111
1111111111111110101101111111111111111111111
1111111111111111111111101011111111111111111
1111110111111111111110111111111111111111111
0111111111111111111101111111111101111111111
1111111111111111101111111111111111111101111
1111101111111111111111111111111110110110111
1111111111111111111111111001111111010111111
1111111111111101111011111111111111111111011
1110111111111111111111111111111111111101111
1111111111111011111111111110111111111111111
1011111111111111011111111111111111011111111
1111111111111111011111111111110110111111111
1111110111111111111111111011111111111111111
1111011111111111111111111111111111011111101
1111111111111111111111111111111101001111111
1111111100111111111111111111011111111111111
1111111111111011111111111111110111111111111
1111111111011111110111101111111111111111111
1111111111111111111111110111011111111111111
1111111010111111101111111111111111111101111
1111111111111111111111111111111111111101010
1111111111111111101111101001111111111111111
1100110111111111111111111111110111111111111
1101111111111111111111111111111111111111111
1111111111111111111111111111111100111111111
1111111111111111101111111111111111100111111
1111111111111110111111111111110111111110111
1111110111111111111111111111111111101111111
1101111011011111111111111111111111111111111
1111111111111111011111011110111111111111111
1111111111111111110111010101111111111111111
1111111111111110111111111111011111111111011
1110111111111111111110111111111111111111111
1111111111111111111111111111111111011111101
1011111011111111111110111111111111111011111
1111111111101011111111110111111111111111011
1111110111111100111110111111111111111111111
1111111111111110111111111111101111111111110
1111111111111111111111101111111011111111100
1111111111111111111111111110011111111111111
1111111011111111111111111111111011010111111
0111111100111111111111111111111111111111111
1011110111111111111111111101111111111111101
1111111111111111110111110111111101111111110
1111111110111111111111111111111110111111111
1111111111111101111111111011111111011111011
1111111111011111111111111110111111111111111
1111111111111111111110111111111111111111110
1111011111111111111111111111111111011111111
1111111111101111111111110111111111111111111
1111111111111110111111111110111111111111111
1111111011111111111111111111101111110111101
0101111111111110111111111111111110111111111
1111111111011111101111111101111111111101111
1111111111111111111101111111111111101111111
1111111111011111111111111101111101101111111
1111111111110111101111110111111011111111111
1111111110111111011111111111111111110111111
1111101111101111111111111111111111111110111
1111111110111111011110111111111111111111111
1111111111111111011111010111111111111111111
0111111111111111111111111111101111110111111
1111011111110111111111111111111111111111111
1111111111111111111111111110111111011111111
1111111101111111111111111111111111110111111
1111101111110111111111111011111111111111011
1111111101111111111111110101111111111011111
1111111101110111110111111111111111111111110
1111111111101101111011011111111111111111111
1111111111111111111111011111111011111111111
1111101111111111111011111111111101111111111
1011111111111111111111111111101111111111111
1111110111111111111111111111111111111010111
1111111111111111011111111111011111111110111
1111111101011111111111111111111111111111011
1111111111111010111111111111111111111011011
1111111011111011111111110111111111111111110
1111111111111111011111111111111111111011111
1111111111111101101111111111111111011110111
1111110111111111101111111011111011111111111
1111111111101111111111111111111111101111111
1111111111111111111111111011111111011111111
1111010111111110111111111111111111111111111
1111111111100111111111111111111101111101111
1111111111111111111111110111111101111111111
1111111111110101111111101111111111111111111
1111111111111111111110111111111111111111111
1101011111111111111111111111111101111011111
1111101111111111111111111011111101110111111
1111111111111111101111011011111111111111111
1010111111111111111111111111110111101111111
1111111110111111111001111111111111111011111
1111011111111111111111101111111111111101111
1011111111111111111111111011111110110111111
1111111111111111111110101111111111101111111
1111011111111111111111111111111011111011111
0111111111111111111110111111111101011111111
1111111111111111111101101111111111111111111
1111111110111111111111111111111111111011111
1111110111111111111111111111111111111011111
1111111111111111111101101101111101111111111
1111111111111111011111101111111111111101111
1111111111111111011111111011111111111111111
1111101111111111111111111111111111110110111
1111101101111111111111111101111111111111111
1111111111111111011111111111111111101111101
1111110111111011111111111111111111111111111
1110111111111111111111111111110101111111111
1111011111111011111111111111111111011111111
1111111111111111110110111111111110111111111
1101111111111111111111111111011111111111111
1001111111111111111101111111111111111111111
1101111111011111111111111111111111101011111
1111111011100101111111111111111111111111111
1111111111111111111111111111111101111011111
1110111111110111111111101111101111111111111
1111111111111101111111011111111111111110111
1101111111011111011111111111111111101111111
1111101111111111111111111111111110111111111
1101111111111111111111111111111110111111111
1111111111111011111111111111011111111111111
1111111111111110111111111111111001111111111
1111111111111111111101111011111111111111101
1111111111110111111111111111111111111110111
1111111111111111111111111110111111111010111
1111111111111111111111101111111011111111111
1111111111111111111111111111111111111111110
1111011111111111111111111111111111111011111
1111111111110111111111111111111001111101111
1111111111111111111111111111011111110111111
1111111111011111101011111111111110111111111
1111111111111111111111111111111111011101111
0101111111111111111111111111111111111101111
1111111111111101111111011111101101111111111
1111111111111011111110111111110111111111011
0111111111111111111000111111111111111111111
1111111111111111111110111101111111111101111
1011111111111111111111111111111111111111101
1111111111111111110011110111111111111111111
1111011111110111111111111111101110111111111
1101111111111101111111111111111111111100111
1111111111111101111111111111111111111111011
1111111111111111111111110011111111111111111
1111111110111111111111111111111111111110111
0111111111111111111011101111111111111111111
1011111110011111111111111111111011111111111
1111111111111111111110111110111111101111111
1111111011111111111101111111111111111001111
1111111111111111101111111111111111101111110
0111101111111111111011111111111111111111011
1111111011111101111111111111111101111101111
1111111111111101111111101110111111111111111
1111111101111111110111111111111111111111111
0110111111111111111111111111111111111111111
0010011111111111111111111111111111111111111
1011111111111111111110111111111111111110111
1111111111110111111111111111110111111111111
1111111111111111110111111111111111101011111
1111111111101001111111111111111111111111111
1110111111111110111111111111011111101111111
1011111011111111111111111101111111111111111
1111111111111111111111111111111101111111011
1111111111101101111111111111111111111111111
1110110111111111111101111111111111111111111
1111011111111111111111111111011111111111111
1101111111111101111111111111111111111111111
1110111111111111111111011111111111111011111
1111111111111101111111111111111111111111110
1110111011111111111111111111111111111111111
1111111111111111011111111110111110111111111
1101111111111111011111111111111111111111111
1111111111111111111101011111111111111111111
1111111111111111111111111111101111111110110
1111101111111110111111110110111111111111111
1111111111101111111110111111111111111101101
1111111111111111111010111111111111011111111
1111111111111111111111101101101111111111111
1111111111111111111101111011110111111111111
1111111111011111111011111111111111111111111
1111111101111111111111111111111111100111111
1111111111011111111111111111101111111111111
1111111101011111111111111111111111111111111
1111111111111110111111011111111111111111101
1111111111011111101111111111110111111111111
1111011110111111111111111110111111111111111
1111110110111111111111111111011111111111111
1111011111101111111111111111110111111111111
1111111111111111111111011111111111111111101
1111111011111111111110111111111111111111101
1101111111111111111111110111111111111111111
1110111111111011111111111111111111111110111
1110111111111100111111101111111111111111111
0111111111110111111111111111111111110111111
1111111111111111111111101111111101111111111
1111111110011101111111111111111111111111111
1111111111111111111111111111010101111011111
1111111111111111111111011111111101111111111
1111011111111111111111111110111111111111111
1111111110111001111111111111111111111111111
1011111111111011111111111111111111111111111
1110111111111111111111101111111111111111111
1111101111111011111111111111111111111111111
1111111111110111111111111111111111111101111
1111111111011111111111111111111111110111110
1101111111111111111111111111110111101111111
1111111101111111111111011111111011101111111
1111111111111111111101111111111111110101111
1111011111111111011111111101111111111111111
1011111111101111111101111111111111111111111
1111111111111111011101111111111111111111111
1111111111111111111011111101111011111111111
1111111111111111110111111111111111111111011
1111111111111011101111111110111111111110111
1111111111111111111111111111111011110111101
1111111111101111011111111111111111111101111
1111110110111111111111011111111111111111111
1111111111110111111111011111111110110111111
1111111110111110111111111111010111111111111
1111001111111111111111111111111111111111111
1111111111111111111101111111110110110111111
1111111111111111111111111111111011110111111
0111111111111111111111110111111111111111111
1111111111011111111111101111111111111111111
1111111111111110111111111111011111111111101
1111101111111111111111011111011111111111111
1101111111111111111110101111111111110111111
0111111111111101111111111111111111110110111
1111111111111011111111111111111101111111111
1111111011111111011101111111101111111111111
1111111111011111111110111111111111111111111
1111111111101111111111111111111111111110111
1111111111111101111111111110111111101111111
1111111111111111111011111111101101101111111
1111111111111111111111111111111110111110111
1111111111111011110111111111111111111011111
0111111111111111111110111111111111111111111
1111111111101111111111111111111101111110101
1111111111111111111111101111111111011111111
1110101111111111111111111111111111111111111
1111111101101111111111111011011111111111111
1101111111111111111111111111011110111011111
1111111111101111110111010111111111111111111
1011111111101111111111111111111111101111111
1111111111111111111101111111011111111111111
1110110111111111111110110111111111111111111
1111111111111111101110111101101111111111111
1111111111111111111111111110110111011110111
1111111110111111111101111111111111111111111
1111111101110111111111111111111111111110111
1111111111111011111111111111101111111111111
1110111110111111111111101111101111111111111
0111111111111111101111111011111111111111111
1111110111101111110101111111111111111111111
1111111110101111111111111111001111111111111
1111111111111111111101111111111011101111111
1111111111111111111101111111111111101011111
1111111111111111111101111011111011011111111
1111111111011110111111111111111111111111111
1111111111111110111111111111111111111101111
1011111111111111111111011111111111111111111
1111111111111001110101111111111111111111111
0111111111101111111111110111111111111111110
1111111111111111111111011111111111111100101
1111011111111101111111111111111111111111111
1111111111111011110111110111111111111111111
1111111011111111111111111111111111011111111
1111111110111111111110111111111111111111111
1111111111111111111101111110111111011111011
1111111111010011111111111111111111111111111
1111111101111111111111111110111111111111111
1101111111111111111111111111111011111011101
1111111110111011111111101111111111110111111
1111111111111111101111011111111111111111111
1011111111110111111111111111101110111111111
0111111111111011111111111111111111111111111
1101111111111111101111111111111110111111111
1111010111111111111111111111111111111111111
1111110111111111111111111111011111110111111
1111111110111111101111111110111111111111110
1111111111111111111111010111111111111111101
1111111111111011111111101110111111101111111
1111011110111111111111111111111111111111111
1111111111111111111111111011111111111111110
1111110111111111111111111111011111110110111
1111111101111110101111111101111111111111111
1111111111111111111110111101111111111011111
1111111101111111111111101111111110111011111
1011111111111111111111101111111111111111111
1111101111111111111111111111110111011101111
1111111111111111111111111101111111011101101
1111111111111111111111110111111110111111111
1111011011111111111101111111011111111111111
1111111111111111111111111111111111111010111
1111101111111110111011111111111011111111111
1111111111111111111011111011111111101111011
1111111111111101101101111111011111111111111
1110111111111111101111111111011111011111111
1111111111111111111111111111001111111111111
1111111111111111111111111011111101111111110
1111111111111111111111111011110111101101111
1011111111111111111011111111111111111111111
1111111011111111011011101111111111111111111
1111110101111111111111111111111101111111111
1101111111111111111111111111101111111111111
1111111111111111111101111111110111010111111
0111111101111111111111111111111111011111111
1111111111111111101111111111111111111110111
0111111111111111101111111111111111111111101
1111110011111111111101111111111111111101111
1111101111111111111111111111111010111110111
1101111111110111111111111111111111111011111
1110111111111111111111111111111111111110111
1111111111010111111111111111111111011111111
1111111111111001111111111111111111111111111
1111111111111111101111111110111111110111111
1111111111111111110111111111111111110111111
1111011111111111111111111111111111111101111
1010111111111111111111111110111111111111111
1101111111111111111111111111111111111111011
1111111111111111111111111101111101111111111
1111111111111001011111111111111111111111111
1111111111111011010111111111111111111111111
1111111111111111111111110111111111111111011
1011111101111101111111111111111111011111111
1111110111111111110111111111111111111110101
1111110111110111111110111111111110111111111
1111111111111110111111111111111011111111111
1111111111111111111111011111111111111101001
1011111111111111111111111001111111101111111
1110111100111111111111111110111111111111111
1111111111111111111111110110111111111110111
1111111111111111111111111110110111111101111
1111110111111111111101111111111101111111111
1111111111111111111111111111111111001111111
1011111111111111111111111111111111101111110
1111110101111111010111111111111111111111111
1011111101111111111111111111110111111011111
1011111111111101111111111111111001111111111
1110101111111111111111111101111111111101111
1111101111111111111011011111111111111111111
1111111111011111111101011111111111111110111
1111111111111110111101111111111110111111111
1111111111111110111111111111111111111111011
0111111111111111111011111111111111111011111
1111111110111101011111111111111111111111110
1111101111011111111111111111111111111111111
1111111101110111111111111011111111111111111
1111111111111111111111111111111111101110111
1101111111011011111111111111011111111111111
1111111011111111111111111011111111111111111
1111111111111101110111111111111111111111011
1111101111111111111110111111111111111111111
1111111011111111111111111111111110111111111
0111111111111111111111111111101111101101111
1111111111111111111111111110101111111111111
1111111111111011111111111111111110111101111
1111111111111111011011011111111111111111111
1010111111111111110111111111111111111111111
1101011111111011111101111111111111111111111
1111111011111110111011111111111111111111110
1111111111111111111111111111111111111100111
1111111111101111111111111111110111111111111
1011011111111111111111111111111111111111111
0111111111110111111111111011111111111111111
1111111111111111011111011111111111011111111
1111101111101111101111111111110111111111111
1111111101111011111111111111111110111110111
1111111111111101111101111111111111111111111
1101111111111111111111111101110111111011111
1101111111111111101111111111111111011011111
1011111111111111111011111111111110110111111
1111111111110111111111111111111110011111111
1111111111011111111111111111110111111111111
0111110110111111110111111111111111111111111
1111111111101011111111111111110111110111111
1111011101111111111111111111111111111111111
1111111111111111111111111111110001111111111
1111111111111110111111111110111111111011111
1111111111111111011111010011111111111111111
1111111111111111111111110111111111111110111
1011011111111111111111111101111111111111111
1110111011111111111111111111101111111111011
1111111111111111111111011111101111111111111
1111111101011111111111111111111111110111111
1111111111111110111011111111011011111111111
1011111011111111011111111111111101111111111
1011111111111111011111111111111111110111111
1111111111111101110111111111111111111111111
1111111111111111111111101011011111111111011
1111110111111111111111111111111111110111111
1101101111111111111111111111111111110111110
1101111111111111101011111111111111111111111
1111111111111111111111111111110111011111111
1011111111111111111110111111101111111111111
1111111110110111111111111011111101111111111
0101111111101111111101111111111111111111111
1111111111011111111111111111111110011110111
1101111111110111111111110111111111111101111
1111111111111111101111111010111101111111111
1011101111111111111110111111111111110111111
1111111111111111111111111100111111111111111
1111111111111111110111011011101111111111111
1111111111111110110111011111111111011111111
1011111111111111011111111111111111111111111
1111111111011111111111111111111111111011111
1011111011011111111111111111110111111111111
1111111010111111111111111111111111111111111
1110010111101111111111111111111111111111111
1011111111111111111111111111101111101111101
1111111111111011111111011111111111111101101
1111111011111111111100110111111111111111111
1111101111111101110111111111011111111111111
1110111110101111111111111111111111111111111
1111011111111111111111010111111111111111111
1111111110101111111111111111111111110111111
1111111111111101111111111111110111111111111
1111111111111111111111111111111110111110011
1111111111111011111011111111111111111111111
1111111101111111111111111111111111111111101
1101111111111111111111011110111011111111111
1111111110111010111111111111111111111111111
1111111111111111101111111111011101111011111
1111111111111111111111111111110111111101111
0111001111101111111111111111111111111111111
1111111111110111111111111011101111111111111
1111111111111111011111110111111111101111111
1111011101111110111101111111111111111111111
1110111111111111110111011111111111111111011
0111111111111111111101111111111111011011111
1110111111111111111111111011111111111011111
1111110111111111111111111010111111111111101
1101111111101111111111011011111111111111111
1111111111111111110111111111111110111111111
1111111111011111111111111111110111110111101
1111111111111111011111111111111111111001111
1111111110011111111101111111101111111111111
1111111101111111111111111111111111100111110
1111111111111111111111111111111111111101111
1101111111111111011111111011111011111111111
1111111111011111101111111111111111111111011
0111111011111111001111111111111111111111111
1111111111111110111111111111101111111111111
1111111110111111111111011101111111111111111
1111111111011101111111111111111111111111111
1111111111011111111111011011111111111101111
1111111111111111111101111111111110111111111
1111100111111111111111111111011111111111111
1111111111111111011111111111111111111010111
1111111011111101111111110111111111111111101
1111111101111111111111111111111111111111100
1111110110111111101111111110111111111111111
1111111111111011111110111111111111111110111
1111111111111101111111111111111111101111111
1111111101111111111111011101111111111111101
1111111111111111111111111110011111111110111
1111111111110111111101111111111101111111111
0111111111111111011111011111111011111111111
1111111111111111111111111110110111111111111
1111111010111111111111111011111111111111110
1111111111011011111111111111111110111111110
1111111111111111101111101111111111111111111
1111111111111111011111011111111111110111111
1011111111111101111111111111111111111111111
1111111111111111111111111111110111011101111
1111111111111111011111111111111111111111101
1111110111110111111111101111111111111111111
1111111111111111111110111101111111110111111
1111111111111111011111111011111111111011111
1111011111111111111111011111111111111110111
1111111111111101111111011111110111111110111
1011110111111111111111111111111111111101111
1111111111111111111111111111011111011111111
1111111111111111111111111010111111111110111
1111111110111011111111111111110111111011111
1111110111111111111111111101111011111111101
1111111111111111111111111111111011111111110
1111111101111111011111111111111111111111101
1111111101111111111111111110110111111111111
1111111111111011111101111111111110111111111
1101111111111111111011111111111101111111111
1111111111111111011011111111111011111111111
1111111111111111010111111111111111111111111
1111111110111111011111110111111111111111111
1111111111011111111111110111111011111111110
1110111111111111111101111111111111111111111
1101110111111111111111111101111111111111111
0111111101111111111111011111111111111111111
1111111111111111111111011111111111111110111
1101101111111110111111111111111110111111111
1011111111111111111111111111011111111111101
1111111111111011111111111111111111111110110
1101111111011111110111111111111111111111011
1111111011111111111111110111111111011111110
1110111111111101111111111110111111111111111
1111111111111111111111111101111111110011111
1111111111111011111111111111111101111001111
1111111111101110111111111111111110111111101
1111011111111111111111111001111111111111011
0111111111111111011111111111111111111111111
1101101111111111011111111111111111111111111
1111111111111111011111111111111111111110111
1111110111111111111111111110111111111111111
1111111111111111011111111111111111101111111
1101111101111111111111111111111111111111111
0111111111111111111111111111111101100111111
0111111111111111111110110111111111111111111
1011111111111101111111111111111110110111111
0011111111111111111111111111111110111111110
1110111111101111111111111011111111111110111
1111101111010101111111111111111111111111111
1111111111110111111111111111111101111101111
1111111111111110111111110111111111111111110
1111111110111111011111111111111111111110111
1111111111111111101111101111111111111011111
1111111111110111111111111111111111011111111
1111111111011111101111111111111111111111111
1111111111011101111111111111111111111111101
1111111111111111011111110111111111111111111
1111111111111011011111111111111111111111011
1111111110111111111111111111111011111111111
1111111111111111111011001011111111111111111
1111111111111111100111111111111111111111111
1111111110111111111111111111110111111110111
1110111110111111111111110111111111111111111
1111111111111111111011111111101111111111111
0111111111111111111111111111111011111110111
1111111111111111111111101111111111111101111
1111111111110111110111111010111111111111111
1111111111111111111110101111111111111111111
1111111011110101111111111111111111111101111
1111111101101101111111110111111111111111111
1111111111011111111111111111011101111111111
1111111111101111111111111111110111110111011
1111111101111110111111111111111111111111111
1110111111111011110111111111111111111111111
1111111100111111111111111111111111111111110
1111011101110111101111111111111111111111111
1111111111111111111111111101111111111101111
1111011111101111111111111111111011111101111
1111011111111011111111111111111111111111111
1111111111110110111111111111111111111111111
1111101111111111111111011111111110111111111
1111111111101111111111111111111111110111110
1111111101111111111111111111111111101111111
1111111111111101111111101111011111101111111
1111111111101111111110111111111111110111110
1111111111011111111111111111101111111110111
1111111110111111111111001111111111110111111
1111111101111011111111111111111111111101111
1111111111111111111111111110111101111111111
1111111111111111111011111111111111111111110
1110111111111011111111110111111111111111011
1111111111111011111111111110111111111110111
1111111111111110111111111101111111111111101
1111111111111111111111101110111011101111111
0111111111111110111111110111111110111111111
1111111111101111111111111111011111111111111
1111101111111111111111110111111101111111111
1101111111111011111111101111110111111111111
1111111111010101111111111111110111111111111
1111111111110111111111111111111110111111111
1111111111111111111011111111110111111111101
1111111111111011110111111111111111111111111
1111101111111111111111111111111110111111101
1111111111111111111111111111101111011111111
1111111111111111111101111111111111111111110
1111111111110111111111111011011111111111111
0111101111111111111111101011111111111111111
1111111111111011111111011111111111111011111
0111110111111111111111111111111111111111011
1111111111101111111111111011111111111111111
1100111111111111111111111111111111111111111
1101111111111111101101111111111111111011111
1111011111111110111111111111111111111111011
1101111111111111101111011111111011111111111
1111111011111110111011111101111111111111111
1111111111111111111111111111111110111011111
1111111111111111011111111111111111110111111
1111111110111111111111111111110111111111111
1111011111111110111111111111111111111101111
1111111101111111111111111011111111111111111
1111111111111111111110111111111111111110111
0111111111111111101111011111111111111111111
0111011111111111111111111111111111111111111
1111111101111111111011111010111111111111111
1111111111111111111111001110011111111111111
1111111111101111101111111111110111111111111
1110111111111111111111111111111011111111111
0111111101111110111111111111111111111111011
1111111111111101111111110111111111111010111
1111111111001011111111111111111111111111111
1111101011111111111111111111111111101111111
1111111111111011111110111111111111111111111
1111101111111111111111011110111111110111111
1111111111111111111111111111111011111110111
1111111111111011111111111111111111111111110
1111111111111111111110101011111111111111111
1111111111111111111111111110111110111110111
1111111111111111111111111111111010111111111
0111111111111101111011111111111111111111111
1111111101110111101111111111111111111111110
1110111011111111111111111111111111111111110
1111111011111111111111111111111111111011011
1111111111111111111111111111111111101111011
1111111111111110111111111110101111110111111
1111111111111111110111100111111101111111111
1111111101111101111111111110111101111111111
1111011111111111111111101111111111011011111
1110111111111011111111111111111111111111111
1111111111111110111111111111111110111111111
1111111111011110111111111101111111101111111
1111111111111101111110101111111111111111111
1111110111111111011111111111111111111111111
1101111111111111111111011111111111101101111
1111111111111111110111110111110111111111111
1111011011111011111111111111111111111111011
1111011111111111111110111111111111111111111
1111111111111111111111110111101111111111111
1111111111101011110111111101111111111111111
1111111111111100111111110111101111111111111
0111111111111111100111111111110111111111111
1111111011111111111111011111111111111011110
1110111111111011111111110101111111111111111
1111011110111111111111111111111110111111111
1101111111111111111111111111111111111011111
1111111111111111111111111111111101011111111
1111111111111111111111111111110111111111101
1011111111111111111111111111011111111111111
1111111111111111111111011110111111111011110
1111111111111111101111111111110111110110111
1111011111111111100111111111011111111111111
1111111111111101110111111111111100111111111
1111111110011110111111111111111111111111111
1011111111111110111111111101111111111111111
1111011101111101111111111011111111111111111
1111111111111101110111110111111111111101111
0111111110111111100111111111111111111111111
1111111111111111111011111101111111111111110
1110111011111111111111011110111111111111111
1101111111111111110111011111111111101111111
1111111111111111110111111111111101111111111
1101101111111111111111111111111111101111111
1111111101111111111111110111111111111111111
1111111111011111111110111111110111111111111
1011111111111111111111110111111101111110111
1111111111111111111111011111111111111011111
0111111111110111111101111111111111011111111
1111111111111111111111111110111101111111011
1111101111111111110111111111111110101111111
1111111111110111111111011111111111111111111
1111111011111111111111111111111111111001111
1111110111111011111111111111111111111111110
1111011111111111111111111111111111101011111
1111111111111111111111111111001101110111111
1111111111111111111111101111111111111111011
0111111110111111111111111111111111111111111
1111111111101111111111111111111111111111001
1111111101111011111111111111111111111111111
1111111101111111111111111111101111111111111
1111111111111111111111111010111111111110011
1111111101111111101111111111111111111111111
1111111101111111111111111111011111111110111
1111111110111111111111110111111111111111111
1110111111111101111111011111111111111111011
1111111111111111110111111111111111111011111
1111111110111111111110111111111111111101011
0111111111111111111111111111111111111111110
1111111111111111101110011111111111111111110
1111111111011111111111111101111111111111111
0111110111111111111110111111111101111111111
1111011111110011111111111111111111111101111
1111111111111111111111111111101101111111111
1111111110111111111011111111111111111111110
1100111111011111110111111111111111111111111
1011111110111111011111111111111111111111111
1111011101110111110111111111111111111111111
1111111111001111111111111111111111111111111
0111110111110111111111111111111111110111111
1111111111011111111111111111111111111111001
1111100111111111111011111111111111111111111
1111111111111111111011110111111111111111111
1111111101111111111011111111111111111111111
1111111011111111111011111111111111011111111
1011110111111111111111111011111111111111011
0111111111111111110111111111110111111111101
1111111111101011111111101111110111111111111
1111111111110111111111111111111110001111111
1110111111111110111111111111111111111111111
1111111111111111111111111111101111111111110
1101111111111011011111101111111111111111111
1111110111111111111111111111111110111111111
0111110111110111111101111111111111111111111
1111111111110111111111110111111111111111111
1011111111111100111111111111111111111111111
1111111111101111111011111111111111111111110
1111111110111111111111110111111111110111111
1111111011111101111111111111101111111101111
1110101111111110111111111111111111111111111
1111111111111111110111001111111111110111111
0111111011111111111111101111111111111111111
1110111111111111101011111111111111111111110
1110111111111111101101111111111011111111111
1111111111111111111111111111101101101011111
1111111111011111111111111111111101111111111
1111101101111111111111111111111111111101111
1111111111111110101111111111111111110111111
1111111100111111111111111111111101111111111
1101111111111111111111111111101001111111111
1111110111111111111111111111101111011111101
1011111111111111011111111101111111111101111
1011111111111111111101111111111101111111111
1110111111111111111111111111111111011111111
1111110111111111111101111111111111111111111
1111111111111111111011111101111111111111111
1111011111111111111111101110111110111111111
1111111111111111111111111011101111111111111
1111111111111111110111111111111011101111111
1011111111111111111111111111111111111111011
1111111110111111111111111111110101111111111
1111111111111111011011111111111111111111011
1111111111111111111011101101111111111111111
1111111111111111111101101111010111111111111
1111111100111111011111111111110111111111111
1111111111111111111111111110110111110111111
1111111101111111111111011111011011111111111
1111111111111101111110111111111111111111111
1111111111011111111111111101111111111111011
1111111111111101101011111111111111111110111
1111101111111111011111011111111011111111111
1101111111111111011111111110101111111111111
1111111011111111111111110111111111111111111
1111111111111111111111111111110111111111011
1111111111111111011110111111111011111111101
1101101111111111111111111110111111111111111
1011111111111111111111111111111111110111111
1111111111111110110111111011111111111111111
1111111111111111111111011110011111111111111
1111111011111111101111101111111111111111111
1011111111111111011110111111111111111111111
1111111111111111100111101111111111011111111
0111111111111111111101111111101111111111011
1111111101111111111101111111111111111111111
1111111111111011111111111111111011111111111
1111111111111111111111111111111111111111100
1111011111111111111111101111111111111111111
1110111111111111111111011111111111111111111
1111110111111111111111110111111111111111110
1111011110110111111110111111111111111111111
1111101111111111111111111111101111011111111
1111111111111111101111111111111111011101101
1111101111111111111111111101111111111111111
1111110111111111111111110111111111111111111
0111111110111011111111111111111111101111111
1111111011111111111111111111111111101011111
1111011111111111111111111001111111111111111
1111111111111111111011111110011111111111101
1111111111111111111111111011111111011100111
1111110111111111101110110111111111111111111
1111111111111111011111111111111111111111110
1101111111111111111111111111111111111111110
1101111111011111111111111101111111111111111
1011111111111111111111111110111111101110111
1010111011111111111111111011111111111111111
1111111111111110111111111111111101111111111
1111111101111111111101110111111111111111101
1111111101111111111111111111111111110110111
1111111110111111111111111111111111101111111
1111111111111110111111111111111111111011111
1111111111111111111111101111100111101111111
0111111111111110111111111101111110111111111
1011111111111111101111111111111110111110111
1111110111111110111111111111111101111111111
1111111101111111011111111111101110111111111
1111101011111111011111111111111111111111111
1111111111111111111111101011011111111111111
1111111111111111111111110111011001111111111
1011110111111101111101111111111111111111111
1111011111111111111111111111101111111111111
1111111111111111101111111111111111111111011
1101111111101101111111101111111111111111111
1111111111111111111111111111011111011111101
0111111111111110110111111111111111111101111
1111111110110111111111111111110111111111111
1111111111101111111111111011101111111111111
0111111111111101111111111111111111011111111
1111111111111111111111111111101111111110111
1111111111111111110111110111111111111111111
0111111110110111111111111111111111111111111
0111111111111011111111111111111111111111011
1111111111111101111111111111111110111111101
1111111111100111111111111111111111111111111
1111111111011111111111111111011111111111111
1110111111111111111111111111011111111110111
1111111101111111110111111111111111111011111
1111111011111101111101111111111101111111111
1111111110111111101111111111111111111111011
0011111011111111011111111111111111111111111
1110111111101111111111111111111101111111111
1011111111111111110111111111111111111111111
1111111111111111111110111111111011111101101
1111101111111111111111011111111111111111111
1111111110110111111111101111111111111111111
1111111111111111111111010111011111111110111
1111110111111110111111111111111111111111111
1111101011111111111111111111111111111011111
1111111111111110110111111111111111101111111
1111111011011111111111111101111111111111111
1111101111111111111111111110111111111111111
1111111111111110111111111111111111110111111
1111111111111111011111111111111101111101111
1111110011111111111111110111111111111111110
1111111111111111111111111111100111111111110
1111111110111011111110111111111111111011111
1111111111110111111101111111111111111111011
1111110111111111101101111111111111111111011
1111111111111011111111101111111111111111111
1101111111111111111101111111111111110111011
1111111111111111111111111111101011111111111
1111111011111111110111111111111111111111111
1111111111111101111100111111111111111111111
1111111011111111111111111101111111111111111
1111111101111111111111111101111111111111111
1111111111111111111111011011111111111111111
1111101110111111111111111111111111111101110
1111111111110111111111111111111011111111111
1111111111111111011101110111111111101111111
1011111111111111111111110111111110111111111
1111111110011111011111111111111111111110111
1110101111111111111111111111111011110111111
1111111111111111111111110111111111111110110
1111111111111111011111011111111111111111110
1111111111111111111111111011111111111110111
1111111110111111111111111111111111110111111
1111110111101011111111111111111111111111111
1110111111111111111110111111111101011111111
1111111111111111111111011110111111111111110
1111111111111111111111010111111111111111111
1111111101111111111111001111111111111111011
1111011111111111011111110111101111111111111
0111111110111111011111111111111111111111110
1111111111111110111111011110111111111111111
0111111111111111111110111111011110111111111
1111111111101111111111111111111111110111111
1101111111111111111111001111111111111111110
1111111111111111111111110111111111011111111
1111111111111111111111011111111111101111110
1111111111111111011011111111101101111111111
1111111111111011111011111110111111111111111
1111111111111110101111111111111111111111111
1111111111111111111111111111111101111101111
1111101111110101111111111101111111111111111
1111111011111111111111011111111101110111111
1111101111111111111111111111011111111111111
1111101111111111111111111111110111111111111
1111111101111111111111111111111011111111111
0111111111111111110111111110110111111111111
1111111011111111111111111111111111011111011
1101111111111101111111111111111111011111111
1011111111111111111111110111111111111111111
1111111111111111111111110111111111101111110
1111111111111011111001111110111111111111111
0111011111111111011111110111111111111111111
0111011111111111111111111011111111111111101
1101111111111111111011111111111101101111111
1111111010111111111111111111111111101111111
1111111111111111101111111111111111011111111
1111111111111111111101111011111111111111111
1111111111111111101111111111101111111001111
1111111111111111111111111011111111110110111
1011100111111111111111111111111111101111111
1111111111111111111110111111111111111111101
1110111111111111111011111111111111111111111
1111111111111111111110011111111111111011111
0111111111111011111111101111111111111110111
0111111101101111111111110111111111111111111
1111111111111011111111111101111111111111110
1111111111111110111111111101111111111111111
1111111111111111111111111101111111110111111
0101111111011111111111111111111111111011111
1110110111111111111111111111111111111111111
1111111110111111111111111011111111101111111
1111111111101111111111111111111111111011110
1111111111111111111111111111111011111111101
1111111111111110111111111111011111110111111
1111111111111110101111101111111011111111111
1111111111110111111111111111101100111111111
1111111011111111111111111110111111111111111
1111111111111111111111110111101101111101111
1111111111111011111111111111111111011111111
1111110111111111111111100111111111111111011
1111111111111111111101101111111101111111111
1111111111111111111111111101111111111111110
1111101111111111011111111111111111111111111
1111111111111101011111111111111011111111101
1111111111111111111111111001101111111111111
1110111111111111110111111111111111111111111
1111111111111111111111111111011111111010111
1111111111111111011001101111111111111111111
1101111111111011111111111111111111111011111
1111111111111110111111011111111111111111111
1111111111111111111111111111011101111111111
0111111111111111011101111101111111111111111
1111011111111111111101111111111111111111111
1111111111111011111111110111111111111111111
1111101111111111111111111111111101101110111
1111111001111011111111110111111111111111111
1111111111111111111111111111100111111111111
1111111101110111111111110111111011111111111
1111111111110111101111111111110111111111111
1111111111111111111111111111111011101111111
0110111110110111111111111111111111111111111
1111011111101111111111111101111111111111111
1111111110111111110111111111111101111111111
1111111111110011111111111111111101111110111
1111111111111111111101010111111111111111110
1111111110101111111011011111111111111111111
1111111101111111111111111111111111011111111
1111111111111111111011111111101111011111111
1011111111111111111111111111011111111111011
1011111101111111111111111110111011111111111
1111111111101111110111110111111111101111111
1111111111111111111111111011111111111011111
1111111111111111111010101111011111111111111
1110111101011111111111111111111111111111111
1111111111111110111111111010101111111111111
1011111111111101111011111111111111111111111
1111111111111111100111111111111011111111110
1111111011111111111111111111101111111111011
1111111111111111101101111111111111111111111
1111111111111111111110111111111111011011111
0111111111111111111101111111111111111111111
1111011011111111111111011110111111111111111
1101111101111111111111111111111111111111101
1110111111111111111111111111101111111111111
1111111111011101111111111111111111111101111
1111111111011111111111111110111111011110111
1111101011111111111011111111111111111110111
1111111111011111111111111110111011111011111
1111111101111111111111111111111111010101111
1111111111111111111111111101101111110111111
1111111111111111111111011111111111100111111
1111111111111111111111101111111110110111111
1111111111111101111111101111111011111111011
1111011111111110111111111111111111111110111
1101111111111111110111111111111101111111111
1111011111111111110111111111111111101111111
1111111111111111111111111111111111111011101
1111111110111111111111111110111111111111111
1111111111110111111111111111111111111101011
0111111111100111111111111111111111111111110
1111111111010111111111111110111111111111111
1111111101111111111111111111111111101101111
1111110111111111111101111111111110111111011
0111111111111110111111111111101111111111011
1111101111111111111111111110111111101101111
1011111111111111110111011111111101111111111
1111111111111111111111111011111011111111111
1111111111111111111111101101111111111111111
1111111110011111111110111111111111111011111
1111101101111111111111110111111111111111111
1101101111111111111110111111111111111111111
1111111111011011111111111111011111111111111
1111111111111111111011111111111111111011111
1111111011111111111111111111111111111111011
1111111111111011110111111111111101111111110
1111111111111111101111111111010111101111111
1111101111111111111111111111111111111010101
1111110111111101111011111111111111111111111
1111111111111111111111111011111111111111101
1111111101111101111111111111111111110111011
1111111111111111111111111111111011111011111
1011111111111111111111011111011111111111110
1110111111111110111111111111111011111111011
1111111111101111111111111111111101111101111
1111001111111111011101111111111111111111111
1111111101111111111111111111111111011111011
1111111111101111111111111111111111111111110
1110111111111111111111111111110110111111111
1011111111111111101111011111111111110111111
1111001111101111111111011111111111111111111
0111111111111111111111111111111111110111111
1111111111110101111111111111111111110111110
1111111011111111111111111111111011111111111
1111111111111111111111111111111010111101111
1111111111111111111011111111111101111111111
1111111111111111111111111111011111010111111
1111111111111111110111111111011101111111111
1111111110111111111111111111101111011011111
1111011111111111101111111111111111111011111
1101111111111111111111111011111111110111111
1111111011111111011111111111111111111111110
1111111111111100111111111110111111111111111
1111011111111111111111111011111111011011111
1111101111111110111110111111111111111111111
1111110101111111111111110111111111111111111
1111111111111111111101111111111011111111111
1111101111111111111111111101111101111011111
1101111111110111111111111010111111111111111
1110111111111111111111110111111111111111111
1111111111101011111101111111111111111111110
1111111111110011111111111111111111111110110
1111111111111111111110111111011111111111111
1111111111111110111111111111111111010011111
1111111011111111111111111111111111111111101
1111111111111111111111110111111110111011111
1111101011111101111111111111110111111111111
1111111111111111111011111111111101110111111
1111111110111110111111111110111101111111111
1111011111111111011111111101110111111111111
1101111011111111101111110111111111111111111
1111011111111111111111111011110111111111111
1111111111011111111111111111111111111111110
0111111111111110111111111111011111011111111
1111011111111111111111111111111011111111111
1111110111110011111111111111101111111111111
1011111111111111111111111010111111111111011
1001111111111111111111111111111011111111111
1111111101100111111111111111111111111101111
1101101111111111110111111111111111101111111
1111111110011111111011111111101111111111111
1101111111111111110111111111111111111011111
1101111111111111110111111111111011111111111
1111111111111111011111111111011011111111011
1111111111101111111110111111111111111111111
1111101101111111111111111111111111111111111
1111111111111111111111111111110111110001111
1111111110111110111111111111111110101111111
0111111111111101111111111111111111101101111
1111111111111111111111110101111111101111111
1111111011111111111111111111111111110111111
1111111111111111111111011111110111111111111
1111111111011111101111111111111110111011111
1111111111111110111111111111111111111110101
1111111111011111011111111111111111111111111
1111111101111110111111111111111111111110111
1101111111111111111111111110011111111111111
1110111111101111111111110111111111101111111
1111111111111111101001111111111111111111101
1111101111111110111111111110111111111111111
1111110111111110111111011111111111111111111
1101111111111111111111011111111111110111111
1111110111111111111111111111101111111111111
1111110111111111101111111111111101111101111
1111111110101111111111101111111111111111110
1111111111001101110111111111111111111111111
0111111111111111111111111111111111111101111
0111111111111111111111111111111111111111011
1111111111110111111011110111111111111110111
1111110111110111111111111111111111111111111
0111111111111111111111111110011111111111111
1011111111011111111111111111111111111111111
1111101111111101111111111111101111111111111
1111111101111101111111111111111001111111111
1111111111111111111111111111111111101111110
1111110111111111111111111111111111011111111
1111111101101111111111111111111111101111111
1111111111111111110101111111111111011101111
1011111111111111111101111111111111111111111
1110110111111011111111111011111111111111111
1111111111111111111111111011111011011111011
1111110111111111111111111111011111111111111
0111111111111111011111111111111111111101111
1011111111110111111110111111111101111111111
1111111111111011111111111111111111110111011
1101111110111111111111111111011111101111111
1111111111110101111111111111101111111111111
1101111111110111111111111111110111101111111
1111111111011110111111111110111111111111111
1111111111111111101111111111111111101011111
1111110111111111111111101111111111111111110
1111111111111111111111111110010101111111111
1111110111101111111111111111111111111111111
1110110111111111111111111111101111111110111
1111111111110111101111111111111011111111101
1111111111111111111111110111111111011101111
1111111111111111001111110111111111111110111
1110110111111011111111011111111111111111111
1111111111101111110111111111111111111111111
1111111110011111111111111111111111111011111
1111111011111111111110111111111111111111111
1101111111110111111011111111111111111110111
1111111111110111111111111111111111111111101
1111111011111111111101111111111111110011111
0111111111101111111111111111111111111111011
1111011101111111111100111111111111111111111
1111111111111111101111111111011111111101111
1111111111110111111111111111101111111111111
1111101011111111111111111111010111111111111
1111111111111111011011111111111111111111111
1111111111110111110011011111111111111111111
1111111111111111111111111111111111111101110
1111111111111111011111111111111111011111111
1111111101111111111111111111111111111111110
1110111111111111111111111111111111111111010
1101111111111111111111011111111111111111111
1110111111111110111111111111111111011111011
1111110111111111111111111111111111111111110
1101111111101111111111111110111111111111111
1011111111111111111011011111101111111111111
1111111111111111111111110111011011111111111
1111111111011111111111011110111111111111101
1110111111111111011111111111111111110111111
1111111111101111111111111111101111011110111
1111111111111111111111111101101111111111111
0111011111111111111111111011111110111111111
1111111111111101111111111011111111111111111
1111110111111011111111111111111111111111101
1101011111111111111101111111111111111101111
1111111111111111110011111110111111111011111
1111111111111101111111111111011111111111111
1111111111011111110111111111111110101111111
1111111111101111111111111111111111110110110
1111111011110111110101111111111111111111111
1110110111111111111111011111111111101111111
1110111111111111101101111111111111111011111
1110111101111111111011111111101111111111111
1111111111111111110111111111111111011111111
1111101111111111111111011110111101111111111
1111111111111111111111111101111101111101101
1111111111111111111111111111111111011011111
1110111101111111111111111111111111111111111
1111101110101111111111111111111111111111111
1111111111111011111111111101111111111111111
1111111110111111111110111111111111111111110
1111111111111111111110111101111111111111111
1011111111111111111111111111111111111110111
0101111111111111111111111111111110111011111
1011111111111111111111111111111111111101111
1111111110111111111111101110111111111111011
1111111111111101111111111111111011100111111
1111111011111111110111111111111101111111111
1111111011111111111111011111111111111111110
1100111111111111101111111111111111101111111
1111111111111110111110011111111111111111111
1111011111111111011111111111111011111111111
1111111111111111111111110101111111111111111
1111111111011111111111111101101111111110111
1111111111111101111111111111101101111111011
1111110111111110011111111111111111111111111
1011111111111111011011111111111111111111111
1111111111111111011110111111101111111111101
1111111110111101111111111110111111111111111
0111111111111111111111110111111111111110111
1111111111101111111111111111111111011111111
1111111011111111111111111111111111111111110
1101111111111111111111111101111111111111111
0111111110111111111111111111101111111111111
1111011111111111111111110111111111110111111
1111111111011111110111111111111111111101111
1111111110111111110111001111111111111111111
1111111111111111111111011111111110011111111
1111111111111111111011111111111110111111111
1111111111111111111111110111111110011111111
1111111110011111111111111111111111011111111
0111111011111111111011111111111111110111111
1111011111111111111111111111111111111111101
1111111111111111111111101111011111111111110
1111111110111111101111111111111111111111110
1111111111111101111110011111111111101111111
1111101111111111111111111011101101111111111
1111011111111111111011111111111111111111111
1111111111111000111111111111111111111110111
1111111100011111111111111111111111111011111
1010111111111111111111101111111111111111111
1101101111111111111111111111111111111111111
1111111111111111111111110111111111111111101
1100111111111111111111111111111110111111111
1111111111111111110111111111111111111110111
1101111111101111111111111111111111111011111
1111111111111111111111011111011111111011111
0111111111111111111111111111111111011111111
1111111111111111110111111111111111101101111
1111111111011111111111101111111111100111111
1111111111111111111111111110111011101111111
1111010111111111111111011101111111111111111
1101111111111011111111111111111111111101111
1111111111111101111111111101111111111110111
1111111111111111111111111110111111111111110
1111111111111111111111101111111111111011110
1111111111101111111111010111111111111111111
1111111111001111111111111101110111111111111
1111111111110111111111111111111111111111110
1111101111111111111111111111111111111111110
1111111111111111011111111111011111111111111
1111111111111110111111111101011111111111111
1111111111111111111110111111011011111111011
1111111111110111111111111101111111111111111
1111101111111111111111101111111110111111111
0111111111110111111111111111111110101111111
1111111111111111111111101111011111111101111
1101111011111111111111111111111111101111011
1110111111111110011111111111111111111111110
1111110111111111111011111111111111110111111
1111111111111111111111101110111111111111111
0111111111011110111111111111111111110111111
1111111111111111111111110101111101111111101
1111111111111111110111110111011111111111111
1111111101110111111111111111111111011111111
1111110111111111111111111111111011011111111
1111111111101111111111111011111111111111110
1110111110111111111111111011111111111011111
1111111111101111111111111111111101111111111
1111111111111111111111111011111110111111111
1111111111101111111111111101111111111011111
1111111111111101101111111111111111111111111
0111111111111111111111111111111110111110111
1111111111111111100111111111111101111111111
1110111111011101111111111101111111111111111
1101111110111111111111111111111101111111101
1111111111111011111111111111111111111111011
1111111110111111111110101111111111111111111
1111111111111111111100111111111111011111111
0011101111011111111111111111111111111111111
1111110111110111111111110111111111111110111
1111111011111111011111111111111110111101111
1111011111111111111110011111111111111011111
1110111111111111101111111111111111111101110
1110111111111111111111111111011111111111111
1101110111111111111111111111111110101111111
1111011111111111111111111111111111101111111
0111111111111101111111111111111111111111111
1111111111011111111110111111111111111111110
1111101111111110111111111111111111111111111
1111111110111110011111101111111111111111111
1111011111111111111111101111111110011111111
1111111011110111111111111101111111111011111
1111111111011111110111111111111111111011111
1111111111111111111101111111111001111111111
1111111111111111111111111101111111111110101
1111101111111111111110101111111111110111111
1111111111111111111111111111111111100111111
1111111111111101111111111101111101101111111
1111111111111111111110111101111111111111101
1101111011101111111111111111111111111111111
1111111011111111101101111111111111111111111
1111111011011111111111111111111110011111111
1111101111111111111110111111111001111111111
1100111111011111111110111111111111111111111
1111111111111111111011111111111111101110111
1111111110111111111111011111111111111111111
1101111111101111111111111111111111111111111
1111111111111011011111111110111111111111111
1111111111111011111111111011111111111111111
1111111111101110111111111111111111111111111
1111111111011111111101111111111111110111111
1111111111111111111111111111111111010110111
1111111111010110111111111111111111111111111
1101111100111111111111111111111111111111111
1111111110011011111111111110111111111111111
1111011111101111011111111111111111111111111
1110111111111111111110111111111110111111111
1111111110111111111111111111110111111101111
0011101111111111111111111111111111111110111
1101111111111011111111111111011111111111111
1111111111100111111111111111111111101111111
1111111111110111111111111111111111110111111
1111111101111011111111111111111111011111111
1111111111111111111111111111111111011111011
1011111111111111111111111111111011011111110
0111011111111111111101111111101111111111111
1111111111011111111101111111111111111111100
0111111101111111111111111111111111111101110
1110111111111111101011111111111111111111111
1110111110111111111111111111110111110111111
1101111011111110111111110111111111111111111
0011111111111110111111111111111111111111111
0111111111111111101111101111111111111111011
1111111111111111111111111110111111111110111
1101110111111111111111111111111111111111101
1110110111111111111111111111111011111101111
1111111010111111011111111111111011111111111
1111011111101111111110111111101111111111111
1111111111101111111011111111110111111111111
1011111111101111111111111111111110111111111
1111110111111111011111111111111111111111110
1111111111101111111111101111111111111111111
1111101011111111111111111111111110111101111
1111111111111111011111110111110111111101111
1111110111111111111111111111110111111111111
0111011111111111111110111111111111111111011
1111111111111111111111111110111011111111111
1101111111111111111110111111111101111101111
1111111111111111111011111111011111111111111
1111011111111011111111111111111101111110111
1111111111111111111101111110111011111111101
1011111111111111111111111111111111110111010
1111111110111011011111111111111111011111111
1111111101111111111110111111111111101111011
1001111111111111111011111111111111111111110
1111111111011111011111011101111111111111111
1111111111101111011101111111111111111111111
1111111011111111111111111111111111001111101
1111111111101111111111111101111111111111111
1101111111011111111110111111111111111101111
1111111110111111111111101111111111111111111
1111111111111111111111111111111111111011110
1111111111111111100111111111111111111011101
1111011111011101111111111111111111110111111
1010110111011111111111111111111111111111111
1011111111111111011111111111101011111111111
1111111111111111101111110111110111111111111
1111111111111111111111110110111111111111011
1111011111111111110111111111111111111111111
1111111101111101111111011111111111111111111
1111111111111110111011111111111111111111111
1111111111111011111111110111111111111101111
1111011111111111111111111111101111111110111
1111110111101111111111111111111111111111011
0111111111111111111111111111111111111110111
1111111111111011111101111111111111111111111
1111111111111101011111011111111111111111111
1110111111110111111101111111101111111111111
1111111111111111111100111111111111111111111
0111111111111111111111011111101111111111101
1110111111111111111110111011011111111111111
1110111111111111110111111111111001111111111
1111101111111101111011111111111111111111101
1111111111011111111011111111111111011111111
0111111111110111111111111111111111110101111
0111111111111111010111111111111111111111011
1101011111111111111111110111111111111111111
1111111111111011111001111011111111111111111
1111111111111100111111111101111111101111111
0110011111111111111111110111111111111111111
1110111111100111111111111111111111111111110
1101111111111111111111111111111101111111110
1111111111110011111111111101111111111111111
1111111111101111111101111111111111111111111
1011111111111111111111111111111101111111101
1111011111011111101111111111111110111111111
1111111111110111111011111111111111110111111
1111110111111111111111101111110111111101111
1010111111111111111111111111110111111111111
0111111111111110111111111111110111111111111
1110111111111111111111111011111111111111111
1111111110111110111111111111111111011111111
0011111111111111111110111111011111111111111
1110111111111111111011111111011011111111111
1011111111111111111111111110111111111111011
1111111111111111111101101111111110111111111
1111111110111011111111111101111111111110111
1111100111111111111111111111111111111111111
1111011111101111111111111111111110110111111
1111111111111111111111111111111110101111011
1111111110111111111111101011111111111111101
1111111101111110111111111111111111111101111
1111111111110111111101111111111110111111011
1111111110111011111111111111101111111011111
1110111111010111111111111111111111111111111
1101111111110111111111111011111111011111111
1111111111111111111111111101110101111111111
1111111111110111111111111111111111111111011
1111111111111111101111111111111011111111111
1111010011111111111111111111111101111111111
1111111111111111011111111101111110111111111
1111111111111111101111111101011111111111111
1111111101101111111111011110111111111111111
1111111111111111111111101111111101111011111
1101111011111111111110101111111111111111111
1111111111101111111111111111111111101011111
1111111111101111111111111111111011101111111
1111111111110111111111111111011111011111011
1111101111110111101111111111111111101111111
0101111011111111111111111111111111111111011
1101111111111110111111111111111111111111111
1111111111110011111110111111111111111111110
1111110111111111101111111111111111111111011
1111111111111111111111101111011111111111111
1110111111111111111010111111111101111111111
1111111111011111111111111111111111110111111
1111110111111111100111111111111111101111111
1111111111001111111111111111111110111111111
1111111111111111111011111110111111111111111
1111111111011101111111111001111111111111111
1111011111111111111111111111111111111111010
0111111101111111111111111011111111111111111
1110111011111111111111111111111111111101011
1111111111011110110111111011111111111111111
1111111111111111111111111101101110111111111
1111111101111111111111111111111111111111010
0111111111111111111111111111111111111011111
1111111111101111111111111111111111001111111
1111111111101101111111111111111111011110111
1111111101111010111111111111111111111111110
1111111111111110111111111011101111111111111
1110111011111111111111111111111011111111111
1111111111111111111111001111111111111101111
1111111111111111111101101111111111111111110
0111111111111011111111111111101111111110111
1111111111111111111111000111111011111111111
1110011111111111111111111111111111111111110
1111111111101111111111101001111111111111111
1111111111110111111111111111111111111110011
1111111111111111111111111111111111011110111
1011111111111011011111111111111111111101111
1111111111111110011111111111111111111111011
1101111111111111110111110111111111111111111
1111111111111110111111111111111111111111110
1111011110110011111111111111111111111111111
1111111111111111111111001111111111111111111
1111110101111111111111111111111111111111111
1111111111111111111101011110111111111111111
1111111111111111111111011101111111111111110
1111111111110111111111011111111111110111111
1111111111110111111111101111111111111111110
1111101111111111111111110101111111111111111
0110111111111111111011111111011111111111111
1111111111111111111111111111110111110111010
0111111111111111111111011111111101111111101
1111111111111111111111111111110011111111111
1111110111111011111111111110111111111111101
1111111111111111111111100110011111111111111
1111011111101111111111111111111001111111111
1111111111101101111111100111111111111111111
1111111110111111111111101111111111111101111
1101111111111101111101111111111011111111111
1111111111111110111111111111110111111111111
1111111111110111111111111111111111110011111
1111111011011111111111111111011111111111111
1111110111111111111011111111111111011111111
1111111111111111101111111110111111111111111
1111101111111111111111111011111111110101111
1111111111111111111111111011110011111111111
1111111111111011111111111111111111111111101
1111111011111011111111111111111111111111111
1111111111111111111110111111111011111111111
1111101111111011111011111111111111111111111
1111111111111111111101111101111110111111111
1111111110111111111111111111101110111111111
1111111111111111111110111111111111101111111
1101111111111111111111101111101101111111111
1111111111111111110111111111111101011111011
1111111111111111011110111011111011111111111
1111111101111011111101111110111111111111111
1111111111111111110110111111111111111111111
1011111111111111011111111111001111111111111
1111111111111011111111111110111110111110111
1111111111011111111111111110111111111111011
1111111111111111111111111111111111110111110
1111111111111111111111011111111110101110111
1111010111111111111101111111111111111111011
1111101111111101111110111111111111111111111
0101111111111111011111111111111111111011111
1110110111111111101111011111111111111111111
1111111111111111011111101111111111011101111
1111111111111111111111111111111111110111101
1111011111111111111111111111011111101111111
1111111111110111111111101111110111111111111
1111111111011111111111100111111111111111111
1111111101111111011111101111111111011111111
1111111101110111111111111111111111111111111
1011110111111111111111110111101111111111111
1111101111111111111111110111111111111111111
1111101111111111111111111111111101111111111
1111111110111111110111111111111111110111111
1111110111111111111111111111011111111011111
1111111011110111111111111111011111111111111
1001111111101111111111111111111111111111111
1111111011011111111111111111111111111101111
1101111110111111111111111111111111111111111
1111111111111111111111011111101111101111111
1111111111111111111111111111101111111101110
1111111111111110111111101111100111111111111
1101111111101111011111111111111111101111111
1111111111101111111111111111111111111011111
1111111111111111111011111111110111111111110
1111111111111111101111111111111100111111111
1111111111111100111110111111111110111111111
1111111111111111101101111111111111110111111
1111111111111110011111111111111111111100111
1111111111011111111111101111111111101111110
1111011111111111111101101111111111011111111
1111111111111111111110011111111111111111111
1111111111011111111111111111111111111111011
1111111111111011111111111111111111111011111
1111111111110111111110111101101111111111111
1111111101111101111111111111111111111111111
1111111111101111111111111111111001101111111
0111111111111111111111111101111111111111111
1111111111110111111111011111111111111111101
1111111111111111111111111111101011111101011
1111111111111111011111111111101111110111011
1111011111111111111111111111101111110111111
1111011111111111101110111011111111111111111
1111111011011110111111111011111111111111111
1111111111111111111111011111111110111110111
0111110111111101111111101111111111111111111
1111111011111111111111010111111111111111111
1111111111011111111111111111111111111110111
1111111111101111111111111111111110111111111
1111111111111101011111111011110111111111111
1111110111111111111101111101111111111111111
1101111101111111101111111111111111111111011
1111111111111011111110111111111111011111111
1011111101111111111111111111111111111111111
1011111111111111111111111111111011111101111
1110111111111101111111111111111111111111111
1111111111101111110111111111111011111111111
1111111110111111111111111111111101111111111
1110011111111111111101111111111011111111111
1111111110111111111111111111011111111111111
1011111011011111111111111011111111111111111
1111111111111111111111111111111111110110111
1111111111111111101111111111110111111111111
1111101101111111111111111110111111111111101
0011111111111011111111111111111111111110111
1011111110111110111111111111111111111111111
1111111111111111111111111111110111110111111
1111111111011111111111111111111101111111101
1011011111111111111111110111111111111110111
0111111011111111110011111111111111111111111
1111111011111111111111111111110111111111111
1111111111111101111111111111111111111111100
1101111111011111111111110111111111110111111
1111111111111111011111111111111111111111011
1111110101111111111111111011111111111101111
1111111111111110111111111111011111111110111
1111111111001111111111111111111111111101111
1111111111110111111111111011011111111111101
1110011111101111111111111111011111111111111
1111111111111111111111111011111111111101111
1111111111111111110111110111111111111011110
1111111111111111110111110111111011111111111
1101111111111111111110111110011111111111111
1111111111010111111111110111111111111111111
1111110111111101111111100111111111111111111
1111111111111111111101111011111111111110101
1110011111111111111111111111111111111111111
1110111111111011111111111111111111110111111
1111111111110011111111111111111111101110111
1111011111111111111111111111111111111110101
1100111111011111111111111111111111111111011
1111111111110101111111111111111111111111111
1111111111111101111111111110111111111111111
1101111111111111111111011110111111111111111
1111111111111011111111111011110111110111111
1111111111011111111111101111111111111111101
0111110111111111111111111111111111111011111
1111111111111111111111111011111111100101111
1101111111110111110111111111111111111111111
1111111111101111111111111111101111111111111
1111111011111111111111111111111111111101111
1110111011111111011111111111111111111111111
0111101011101111111111111111111111111111111
1111111111111111111111111111010111111101111
1111110111111111111111111111110111101111111
1111111111111101111011111111111111111111111
1011111111111111110111111111110111110111111
1111111111110111111111111011011111111111110
0111111111111111111111111111111011111111111
1111111111111110111111111111111111111110110
1111111111011011111110111111111111111111111
1111111111011111111111101011011111111111111
1111111111110111011011111111111111111111111
1111111011111111111111011111111111111110111
1111111111111100111111111111111111110111111
1111111111111011001111111111111111111111101
1111111111011111111001101111111111111111111
1111111110111111110111011101111111111111111
1111111111111101111111101111111111111111111
1111111111111111111111110111011111111111101
1111111111111111111111110111101111110111111
1111111110110111111111111110101111111111111
1111111111110111111111111011111111111101111
1111111111101111111101111101110111111111111
1101111111111110110111111111111111111111111
1111111111111101111111111111111111111110111
1111110101111111110111111111111111111111111
1111011111111111111111111111111111101111011
1111111111111111111011111111111111110111111
1011111111111111111111111111111111001101111
1111111111111111011110111111111111111111111
1111111111111111111111111101011111111111011
1101111111111111111111110111111111011110111
0111111011110111111111111111111111111111111
1111111111111110110111111110110111111111111
1111111111111111111111111011001111111111111
1111101111111111110111111111110111111011111
1111011110111111111111111111111011111111111
1011111111111101111111111110111110111111111
1110111111111011111110101111111111111111111
1111111111010111110111111111111011111111111
1111111111111111011111111111111111110110111
1101011111111111111001111111111111111111111
1110111111111111111111101111010111111111111
1011111111111111111111001111111011111111111
1111111111111111011101111101111110111111111
1111111011111101111111110111111111111111111
1111101111111110110111111111111111111111111
1110111111111011110111111011111111111111111
0111111111111111111110111111111111111111101
1111111111111111110111111111111111111101111
1111111111111011110011011111111111111111111
1111111111111111010111111111011111111111110
0101111111111111111111110111111111111111111
1111011111111101111111011111111111111111110
1111111111111111111100111101111111111111111
1110111111111111001111111111111111111111111
1111111111111111111111110111111111110101101
1101111111111111101111111111111111101110111
1110111111111111011111111111111111111111111
1111111111111011101110111111101111111111111
1111110111111111111011111111111110011111111
1011111111111111011111111110111111101111111
1111111111111111111111111101110111111111111
1111111111111111111111111111110111101111111
1111111111011111111111011111111111011011111
1111111101111111111111111111101111111110111
0111111110111111111011111111101111111111111
1111111111111111111111111111100111101111111
1111101111111111111111111011011111111111110
1111111101111111111101111111111111111111101
0111111011111111111111011101111111111111111
1111111111111111110111111011111110111111101
1111111111111111111111110111111111111011111
1111111111111111111111011111011111111101111
1111111111111110111101111111111111111011110
0111111111111111111111111011011111111110111
1111111111111110110111111111111111111111111
1111111111111111011101111111111111111011111
1111011111111111011111111111111111011111111
1111111110111101111111110111111111110111111
1111011111111111111111111110111111111011101
1111011111101110111111111111110111111111111
1111111111111111011111111111111111110111110
1111111111111101111111011111111111101111111
1111111011111101010111111111111111111111111
1111111111111111101111111111101111010111111
1111111111101011111111111111111111111111111
1111111111111001111111111111111111111011111
1111111110110111111111111111111111111111101
1111111111110011111111111111111111111111111
1110111110111111111110111111101111111111111
1011101111111111111111011111111111111111111
1111110111111111011111111111100111111111111
1111111111111011111111101111111110111111111
1111101111111101110111111101111111111111111
1111111011111011111111111111111111110111111
1111111011111110111101101111111111111111111
1110111111111111111011111111111111110110111
0111111111111111111111111111101111111111101
1111110111111111111111110110111111111111111
1111111111011111111111111101110111011111111
1111111111011101111111101111111111111011111
1110111111111111111111111101101111111011111
1111111111111111101111111111111111110011111
1111111111111011111111111111111111111101111
1111111111111001111110111111101111111111111
1111110111110111111111111111111101111111110
1111011111111101111111111010111111111111111
0111110111111111111111111111011111111101111
1101111111111111111111111011111111111111111
1110111111111111111110111110111111111011111
1111111111111111011111111110111011111111110
1111101111011111111111111111111111110011111
1111101111111111111101111111111111111111111
1111111111111011111111101111111111111111110
1111111011110011111111111111111101111111111
1111111101111110101111111111111111111111111
0111111011111110111111111111111111111111111
1111110101111111111111111111111110111111111
1111111111111111011101111111111111111001111
1111111111001111111011111111111111111111101
1111111110101110111111111111111111111111111
0111111111111111111111101111111111110111110
1110111111111111111111101011111111111111111
1111111111111111111101111111110111111111111
1111111110111110011111111111111111111111111
1111111111111111111111111011111011111111101
1111111111110111101111111011111111111011111
0111101111111011111111111111111111101111111
1101101111111111111111111111111111111101111
1111111111111101111111110110111111111111101
1011111111111110111111101111011111111111111
1111111011101101111111111111111111110111111
1111111101110111111111111111111111111011111
1111111111111111011111101111110111011111111
1111111101111111011111111111111111101111111
1111011111111111111111111111111010111111111
1111111011111111111101111111111111111101111
1111111111111111101111111111111110111111111
1111111111111111111111011111011111111111111
1101111111111111111111111011101111111111111
1111111111111111111101111110111111111110111
1110111111111101111011111111111111111111111
1111110111111111111111101111111111111111111
1011110111111111111111111111111111100111111
1111111011111010111111111111111111111110111
1111111111111101111111111111111111111011111
1011111111011101111111111111111111111101111
1111111111111111111111111111111011111111011
1111100111111111111110111111111111111110111
1111111111110111111111111100111111111111110
1111111110111101111111011111111111111111101
1101111111111011111011111111111111111111111
1111111111110111111011111111011111111111111
1101111111111111111111110111111111111111011
1110111111111111111110111111111111111111100
1101111101111111111111111110111111111111111
0111111110110111111111111111111111110111111
1111111111111111111010111111111111111111111
1111011111111111011111111111111110101111111
1111111111101111111111111111111111101110111
0111111111011110111011111111111111111111111
1110111011111111111111111111111111110111111
1011111111111111111111111111111110111111111
0111101111111111111111111101111101111111111
1111111111111111111101111111111101111111111
0111111111011110110111111111111111111111111
0111111111110101111111111111111111111111011
1111011111111011111011111111111111111111111
0101011111111111111111111111111111111101111
0111111110101111111111111111111111111111101
1111111110011111111011111011111111111111111
1111111111111111111111111011111110111110111
1111111111111111100111111111111110111111101
0011111111111111111011011111111111111111111
1111111111011111111111111001111111111111111
1110111111111111111111111111110001111111111
1111111111111110111111111111011111111111111
1111111111111111111111111100111111101011111
1110111111111111101111111111111111111111110
1111111111111111111110111110111111011111111
0111111111111111111111111011111111110111101
1110111101111111111111111111111111111011101
1011111111111111111011111011111111111111111
1111011111110111111110111111111111111111110
1111001111111111011111111111111111111111111
1101111111111111111111111111111111101101111
1111111111011011111111111111111111110111111
1111111111101111111111111111111011111111111
1111101111101111111110101111111111111111111
1111011111110111111111111111101111111011111
1111111001111111110111111111111111111111111
1111111111011110111111101111111111111111111
1111101110110111111111111111111111111111111
1111111011011111111111111111111111111111101
1111110111111111111111011111111110111111110
1101111111111111111101011101111111111111111
1111111111111111111110111111011101111111111
1111111111111111111011111111111111111111011
1111111111111110111111111111111111111111010
1111111111111111111111011111111111111101111
1111011110111111111111111111111111111011111
1111111111111111111111011111100111111111111
1110111111110111111111110111111111101111111
1101111111111101111101111111111111111111111
1011111111111111111111111010111011111111111
1111111111111011111111111111011111111111011
1111101110111111101111111111111111110111111
1111101111111111111011111111111111111111111
